Temperatures in Oslo in degrees Celsius for October 1945 and 2014
1945     2014
---------------
7.2      9.8
8.1      11.6
8.9      11.5
11.6     13.3
7.7      12.6
8.7      10.3
6.9      7.5
5.4      9.3
8.8      10.3
8.9      10.3
3.7      8.4
3.3      8.8
5.2      5.0
9.6      5.8
10.8     6.8
5.0      2.3
5.4      3.5
9.5      7.9
5.3      11.8
5.8      10.7
2.3      9.0
4.1      5.8
6.6      6.8
8.2      11.7
6.1      10.6
8.9      11.7
6.6      13.1
4.1      13.6
2.8      8.0
2.1      3.5
4.1      3.2
